0 0 0 0 0 0
1 0.0859025 0.0859755 0.0859025 -7.07049 0.0859025
2 0.162582 0.16272 0.162582 -7.07049 0.162582
3 0.230925 0.231122 0.230925 -7.07049 0.230925
4 0.291733 0.291981 0.291733 -7.07049 0.291733
5 0.345728 0.346022 0.345728 -7.07049 0.345728
6 0.393566 0.393901 0.393566 -7.07049 0.393566
7 0.435839 0.43621 0.435839 -7.07049 0.435839
8 0.473081 0.473483 0.473081 -7.07049 0.473081
9 0.505775 0.506205 0.505775 -7.07049 0.505775
10 0.534358 0.534812 0.534358 -7.07049 0.534358
11 0.559225 0.559701 0.559225 -7.07049 0.559225
12 0.580734 0.581228 0.580734 -7.07049 0.580734
13 0.599207 0.599716 0.599207 -7.07049 0.599207
14 0.614935 0.615458 0.614935 -7.07049 0.614935
15 0.628183 0.628717 0.628183 -7.07049 0.628183
16 0.639188 0.639731 0.639188 -7.07049 0.639188
17 0.648166 0.648717 0.648166 -7.07049 0.648166
18 0.655312 0.655869 0.655312 -7.07049 0.655312
19 0.660802 0.661364 0.660802 -7.07049 0.660802
20 0.664795 0.66536 0.664795 -7.07049 0.664795
21 0.667435 0.668002 0.667435 -7.07049 0.667435
22 0.668851 0.66942 0.668851 -7.07049 0.668851
23 0.669162 0.669731 0.669162 -7.07049 0.669162
24 0.668473 0.669042 0.668473 -7.07049 0.668473
25 0.666881 0.667448 0.666881 -7.07049 0.666881
26 0.664472 0.665037 0.664472 -7.07049 0.664472
27 0.661325 0.661888 0.661325 -7.07049 0.661325
28 0.657511 0.65807 0.657511 -7.07049 0.657511
29 0.653094 0.653649 0.653094 -7.07049 0.653094
30 0.648131 0.648682 0.648131 -7.07049 0.648131
31 0.642676 0.643222 0.642676 -7.07049 0.642676
32 0.636775 0.637317 0.636775 -7.07049 0.636775
33 0.630472 0.631008 0.630472 -7.07049 0.630472
34 0.623804 0.624335 0.623804 -7.07049 0.623804
35 0.616808 0.617332 0.616808 -7.07049 0.616808
36 0.609514 0.610032 0.609514 -7.07049 0.609514
37 0.601951 0.602463 0.601951 -7.07049 0.601951
38 0.594145 0.594651 0.594145 -7.07049 0.594145
39 0.58612 0.586618 0.58612 -7.07049 0.58612
40 0.577896 0.578388 0.577896 -7.07049 0.577896
41 0.569493 0.569977 0.569493 -7.07049 0.569493
42 0.560927 0.561404 0.560927 -7.07049 0.560927
43 0.552215 0.552684 0.552215 -7.07049 0.552215
44 0.54337 0.543832 0.54337 -7.07049 0.54337
45 0.534405 0.53486 0.534405 -7.07049 0.534405
46 0.525332 0.525779 0.525332 -7.07049 0.525332
47 0.516161 0.516601 0.516161 -7.07049 0.516161
48 0.506902 0.507333 0.506902 -7.07049 0.506902
49 0.497563 0.497986 0.497563 -7.07049 0.497563
50 0.488151 0.488566 0.488151 -7.07049 0.488151
51 0.478674 0.479081 0.478674 -7.07049 0.478674
52 0.469138 0.469537 0.469138 -7.07049 0.469138
53 0.459549 0.459939 0.459549 -7.07049 0.459549
54 0.449911 0.450293 0.449911 -7.07049 0.449911
55 0.440229 0.440604 0.440229 -7.07049 0.440229
56 0.430508 0.430875 0.430508 -7.07049 0.430508
57 0.420752 0.42111 0.420752 -7.07049 0.420752
58 0.410963 0.411313 0.410963 -7.07049 0.410963
59 0.401145 0.401487 0.401145 -7.07049 0.401145
60 0.391301 0.391634 0.391301 -7.07049 0.391301
61 0.381433 0.381758 0.381433 -7.07049 0.381433
62 0.371544 0.37186 0.371544 -7.07049 0.371544
63 0.361635 0.361942 0.361635 -7.07049 0.361635
64 0.351708 0.352007 0.351708 -7.07049 0.351708
65 0.341766 0.342056 0.341766 -7.07049 0.341766
66 0.331809 0.332091 0.331809 -7.07049 0.331809
67 0.321839 0.322113 0.321839 -7.07049 0.321839
68 0.311857 0.312123 0.311857 -7.07049 0.311857
69 0.301865 0.302122 0.301865 -7.07049 0.301865
70 0.291864 0.292112 0.291864 -7.07049 0.291864
71 0.281853 0.282093 0.281853 -7.07049 0.281853
72 0.271835 0.272066 0.271835 -7.07049 0.271835
73 0.26181 0.262032 0.26181 -7.07049 0.26181
74 0.251778 0.251992 0.251778 -7.07049 0.251778
75 0.24174 0.241946 0.24174 -7.07049 0.24174
76 0.231698 0.231895 0.231698 -7.07049 0.231698
77 0.22165 0.221839 0.22165 -7.07049 0.22165
78 0.211598 0.211778 0.211598 -7.07049 0.211598
79 0.201543 0.201714 0.201543 -7.07049 0.201543
80 0.191484 0.191646 0.191484 -7.07049 0.191484
81 0.181421 0.181576 0.181421 -7.07049 0.181421
82 0.171356 0.171502 0.171356 -7.07049 0.171356
83 0.161289 0.161426 0.161289 -7.07049 0.161289
84 0.151218 0.151347 0.151218 -7.07049 0.151218
85 0.141146 0.141266 0.141146 -7.07049 0.141146
86 0.131072 0.131184 0.131072 -7.07049 0.131072
87 0.120997 0.121099 0.120997 -7.07049 0.120997
88 0.110919 0.111014 0.110919 -7.07049 0.110919
89 0.10084 0.100926 0.10084 -7.07049 0.10084
90 0.0907605 0.0908377 0.0907605 -7.07049 0.0907605
91 0.0806793 0.080748 0.0806793 -7.07049 0.0806793
92 0.0705971 0.0706572 0.0705971 -7.07049 0.0705971
93 0.060514 0.0605655 0.060514 -7.07049 0.060514
94 0.05043 0.0504729 0.05043 -7.07049 0.05043
95 0.0403453 0.0403796 0.0403453 -7.07049 0.0403453
96 0.0302598 0.0302856 0.0302598 -7.07049 0.0302598
97 0.0201738 0.0201909 0.0201738 -7.07049 0.0201738
98 0.0100871 0.0100957 0.0100871 -7.07049 0.0100871
99 0 5.88857e-18 0 0 0
