7.04354e-05   0.00012161   0.000162633
0.000287327   0.000493444   0.000656334
0.000657027   0.00111836   0.00147416
0.00118304   0.00198879   0.00258839
0.0018659   0.00308678   0.00395172
0.00270308   0.00438449   0.0054998
0.00368908   0.00584518   0.00715484
0.00481541   0.00742451   0.00883018
0.00607082   0.00907223   0.0104355
0.00744148   0.0107341   0.0118822
0.00891126   0.0123541   0.013089
0.010462   0.0138766   0.0139869
0.0120741   0.0152484   0.0145235
0.0137266   0.0164213   0.0146664
0.0153977   0.0173535   0.0144054
0.0170654   0.0180116   0.0137529
0.0187078   0.0183718   0.012744
0.0203033   0.0184208   0.011434
0.0218314   0.0181566   0.00989557
0.0232727   0.0175879   0.00821425
0.0246096   0.0167345   0.0064839
0.0258262   0.0156261   0.00480107
0.0269089   0.0143011   0.00325953
0.0278464   0.0128053   0.00194501
0.0286296   0.0111903   0.000930372
0.0292523   0.00951118   0.000271631
0.0297105   0.00782492   4.99194e-06
0.0300029   0.00618819   0.000145039
0.0301306   0.00465545   0.000684193
0.0300968   0.00327714   0.00159341
0.0299069   0.00209808   0.0028241
0.0295684   0.00115613   0.004311
0.0290902   0.000481095   0.00597606
0.0284827   9.40336e-05   0.00773276
0.0277575   6.8293e-06   0.0094909
0.0269271   0.000222133   0.0111614
0.0260045   0.000733612   0.012661
0.0250033   0.00152649   0.0139164
0.023937   0.00257834   0.0148676
0.0228191   0.00386011   0.0154711
0.0216628   0.00533728   0.015701
0.0204807   0.00697116   0.0155506
0.0192848   0.00872023   0.0150315
0.0180864   0.0105415   0.0141729
0.0168957   0.0123918   0.0130197
0.0157221   0.0142291   0.0116294
0.0145739   0.0160134   0.0100698
0.0134582   0.0177081   0.00841456
0.0123813   0.0192803   0.00674044
0.0113482   0.0207019   0.00512324
0.0103631   0.0219496   0.00363465
0.00942891   0.0230056   0.00233924
0.00854795   0.0238573   0.00129199
0.00772153   0.0244973   0.000536321
0.0069502   0.0249234   0.000102879
0.00623385   0.025138   8.82944e-06
0.00557175   0.0251476   0.000257843
0.00496265   0.0249625   0.000840647
0.00440487   0.0245962   0.00173608
0.00389636   0.0240645   0.00291256
0.0034348   0.0233854   0.00432993
0.00301764   0.0225777   0.00594141
0.00264221   0.0216615   0.00769577
0.00230573   0.0206566   0.00953948
0.00200539   0.0195828   0.0114187
0.00173838   0.0184592   0.0132813
0.00150195   0.0173037   0.0150784
0.0012934   0.0161332   0.0167657
0.00111017   0.0149627   0.018305
0.000949788   0.0138059   0.0196644
0.00080994   0.0126745   0.0208193
0.000688451   0.0115786   0.021752
0.000583301   0.0105264   0.0224522
0.000492625   0.00952456   0.0229164
0.000414716   0.00857794   0.0231472
0.000348016   0.00769008   0.0231528
0.000291116   0.00686307   0.0229464
0.000242749   0.00609785   0.0225447
0.000201779   0.00539428   0.0219677
0.000167197   0.00475131   0.0212375
0.000138107   0.00416719   0.0203774
0.000113722   0.00363952   0.0194112
9.335e-05   0.00316548   0.0183626
7.63894e-05   0.00274188   0.0172545
6.23164e-05   0.00236533   0.0161083
5.06788e-05   0.0020323   0.0149441
4.10873e-05   0.00173921   0.0137796
3.32085e-05   0.00148254   0.0126307
2.67581e-05   0.00125881   0.0115108
2.14945e-05   0.00106471   0.0104313
1.72135e-05   0.000897091   0.00940107
1.37431e-05   0.000752984   0.0084271
1.09389e-05   0.000629643   0.0075143
8.68041e-06   0.000524534   0.00666583
6.86733e-06   0.000435347   0.00588326
5.41649e-06   0.000359991   0.00516677
4.25925e-06   0.000296588   0.00451537
3.33914e-06   0.000243462   0.00392715
2.60992e-06   0.000199129   0.0033994
2.03381e-06   0.000162282   0.00292886
1.58012e-06   0.000131781   0.00251186
1.22395e-06   0.000106633   0.00214447
9.45224e-07   8.59781e-05   0.00182263
7.27791e-07   6.90805e-05   0.00154225
5.58702e-07   5.53097e-05   0.0012993
4.2762e-07   4.41299e-05   0.0010899
3.26318e-07   3.50878e-05   0.000910353
2.48274e-07   2.78023e-05   0.00075717
1.88335e-07   2.19539e-05   0.000627131
1.42443e-07   1.72765e-05   0.000517276
1.07415e-07   1.35494e-05   0.000424915
8.07609e-08   1.05903e-05   0.000347627
6.05416e-08   8.24953e-06   0.000283253
4.52504e-08   6.40453e-06   0.000229877
3.37218e-08   4.95551e-06   0.000185821
2.50564e-08   3.82154e-06   0.000149618
1.8563e-08   2.93725e-06   0.000119998
1.3712e-08   2.2501e-06   9.58699e-05
1.00989e-08   1.71802e-06   7.62987e-05
7.41612e-09   1.30744e-06   6.0491e-05
5.43007e-09   9.91715e-07   4.77765e-05
3.96425e-09   7.49773e-07   3.75923e-05
2.88567e-09   5.65008e-07   2.94682e-05
2.09441e-09   4.2439e-07   2.30139e-05
1.51569e-09   3.17735e-07   1.79067e-05
1.09368e-09   2.37115e-07   1.38817e-05
7.86871e-10   1.7638e-07   1.0722e-05
5.64485e-10   1.3078e-07   8.25135e-06
4.03773e-10   9.66587e-08   6.32703e-06
2.87978e-10   7.1211e-08   4.83401e-06
2.04795e-10   5.22956e-08   3.68006e-06
1.45217e-10   3.82824e-08   2.79159e-06
1.02673e-10   2.79352e-08   2.1101e-06
7.23833e-11   2.03201e-08   1.58934e-06
5.08816e-11   1.47341e-08   1.19288e-06
3.56637e-11   1.065e-08   8.92186e-07
2.49251e-11   7.67378e-09   6.64958e-07
1.73697e-11   5.51189e-09   4.93879e-07
1.20696e-11   3.94665e-09   3.65546e-07
8.36255e-12   2.81706e-09   2.69626e-07
5.77741e-12   2.0045e-09   1.98192e-07
3.97994e-12   1.42187e-09   1.45185e-07
2.73381e-12   1.00545e-09   1.05992e-07
1.87245e-12   7.08782e-10   7.71166e-08
1.2788e-12   4.98099e-10   5.59174e-08
8.70858e-13   3.48958e-10   4.04089e-08
5.91351e-13   2.43718e-10   2.91033e-08
4.00401e-13   1.69692e-10   2.08905e-08
2.70334e-13   1.17787e-10   1.49451e-08
1.81996e-13   8.15067e-11   1.06561e-08
1.22173e-13   5.62286e-11   7.57274e-09
8.17795e-14   3.86712e-11   5.3637e-09
5.45845e-14   2.65148e-11   3.7865e-09
3.63291e-14   1.81243e-11   2.66426e-09
2.41098e-14   1.23512e-11   1.86846e-09
1.59548e-14   8.39131e-12   1.30607e-09
1.05284e-14   5.68367e-12   9.09963e-10
6.92776e-15   3.83802e-12   6.31921e-10
4.54551e-15   2.58385e-12   4.37407e-10
2.97398e-15   1.73424e-12   3.01784e-10
1.94021e-15   1.16048e-12   2.07538e-10
1.26217e-15   7.742e-13   1.42263e-10
8.18754e-16   5.1494e-13   9.72039e-11
5.2955e-16   3.41469e-13   6.62028e-11
3.41516e-16   2.25755e-13   4.49441e-11
2.1967e-16   1.48805e-13   3.04141e-11
1.40898e-16   9.779e-14   2.05157e-11
9.01258e-17   6.40713e-14   1.37947e-11
5.74777e-17   4.18532e-14   9.24592e-12
3.65595e-17   2.72576e-14   6.17741e-12
2.31926e-17   1.76991e-14   4.11418e-12
1.46605e-17   1.14583e-14   2.73138e-12
9.2564e-18   7.39584e-15   1.80763e-12
5.82212e-18   4.75947e-15   1.19251e-12
3.64553e-18   3.05365e-15   7.84232e-13
2.2771e-18   1.95335e-15   5.14113e-13
1.41828e-18   1.24578e-15   3.35975e-13
8.83283e-19   7.92156e-16   2.18873e-13
5.4765e-19   5.02217e-16   1.42138e-13
3.38691e-19   3.17452e-16   9.20165e-14
2.07793e-19   2.00079e-16   5.93815e-14
1.27496e-19   1.25709e-16   3.82001e-14
7.91274e-20   7.87599e-17   2.4496e-14
4.87133e-20   4.91956e-17   1.56576e-14
2.99811e-20   3.06483e-17   9.97573e-15
1.83917e-20   1.90398e-17   6.33446e-15
1.10485e-20   1.17915e-17   4.00842e-15
6.71401e-21   7.27643e-18   2.52723e-15
4.00633e-21   4.47337e-18   1.58694e-15
2.29936e-21   2.738e-18   9.92017e-16
1.28101e-21   1.67061e-18   6.16748e-16
6.64858e-22   1.01358e-18   3.80806e-16
3.7347e-22   6.09869e-19   2.32958e-16
2.41928e-22   3.61923e-19   1.40627e-16
1.58739e-22   2.1114e-19   8.32299e-17
1.22379e-22   1.19867e-19   4.77128e-17
8.66758e-23   6.50766e-20   2.59206e-17
4.53187e-23   3.23217e-20   1.27729e-17
3.3962e-23   1.30629e-20   5.14538e-18
9.7217e-24   3.11072e-21   1.21183e-18
