3.47251e-05   5.20616e-05   6.5057e-05
0.000138643   0.000207345   0.00025846
0.000310982   0.000463165   0.000574954
0.000550467   0.000815098   0.00100594
0.000855327   0.00125706   0.00153973
0.00122331   0.00178144   0.00216183
0.00165172   0.00237918   0.00285539
0.00213742   0.00304   0.00360162
0.00267685   0.00375256   0.00438035
0.00326612   0.00450465   0.00517056
0.00390098   0.00528342   0.00595094
0.00457687   0.00607561   0.00670052
0.00528899   0.00686775   0.00739918
0.00603233   0.00764646   0.00802824
0.00680168   0.00839864   0.00857094
0.00759174   0.00911167   0.00901289
0.00839709   0.0097737   0.00934245
0.00921231   0.0103738   0.00955102
0.010032   0.0109021   0.00963329
0.0108506   0.01135   0.00958735
0.0116631   0.0117104   0.00941468
0.0124641   0.0119777   0.00912018
0.0132488   0.0121478   0.00871194
0.0140123   0.0122183   0.00820104
0.0147502   0.0121884   0.00760125
0.0154581   0.0120592   0.00692859
0.0161321   0.0118331   0.00620098
0.0167686   0.0115145   0.00543766
0.0173642   0.0111088   0.00465874
0.0179161   0.0106231   0.00388465
0.0184216   0.0100656   0.00313558
0.0188787   0.00944575   0.00243099
0.0192854   0.00877372   0.0017891
0.0196403   0.00806051   0.00122641
0.0199426   0.0073177   0.000757333
0.0201914   0.00655717   0.000393819
0.0203865   0.005791   0.000145079
0.0205281   0.00503123   1.73822e-05
0.0206164   0.0042897   1.39318e-05
0.0206524   0.00357782   0.000134816
0.020637   0.00290646   0.000377044
0.0205716   0.00228574   0.000734659
0.0204578   0.00172495   0.00119892
0.0202976   0.00123238   0.00175855
0.0200929   0.000815208   0.00240006
0.019846   0.000479477   0.00310811
0.0195595   0.000229976   0.00386587
0.0192358   7.02268e-05   0.00465551
0.0188776   2.45363e-06   0.0054586
0.0184878   2.75906e-05   0.00625658
0.0180692   0.0001453   0.00703118
0.0176247   0.000354011   0.00776488
0.0171571   0.000650981   0.0084413
0.0166694   0.00103236   0.00904555
0.0161645   0.0014933   0.00956457
0.0156451   0.00202801   0.00998737
0.015114   0.00262991   0.0103053
0.0145739   0.00329173   0.0105121
0.0140274   0.00400562   0.0106041
0.0134769   0.00476329   0.0105803
0.0129249   0.00555613   0.0104421
0.0123735   0.00637533   0.0101935
0.0118247   0.00721201   0.00984082
0.0112807   0.00805735   0.00939239
0.0107431   0.00890267   0.00885862
0.0102137   0.00973956   0.00825153
0.00969388   0.0105599   0.00758447
0.00918505   0.0113562   0.00687189
0.00868841   0.0121213   0.00612893
0.00820501   0.0128486   0.00537114
0.00773576   0.0135323   0.00461413
0.00728144   0.0141672   0.00387326
0.00684268   0.0147487   0.00316335
0.00642   0.0152731   0.00249838
0.00601378   0.0157373   0.00189126
0.0056243   0.016139   0.00135359
0.00525172   0.0164765   0.000895483
0.0048961   0.016749   0.000525437
0.00455742   0.0169562   0.000250196
0.00423557   0.0170985   7.47004e-05
0.00393034   0.0171769   2.04675e-06
0.0036415   0.017193   3.34985e-05
0.0033687   0.0171486   0.000168526
0.00311158   0.0170464   0.000404878
0.00286972   0.0168891   0.00073869
0.00264266   0.01668   0.00116461
0.00242989   0.0164226   0.00167594
0.00223091   0.0161205   0.00226483
0.00204515   0.0157776   0.00292242
0.00187207   0.0153979   0.00363907
0.0017111   0.0149855   0.00440451
0.00156166   0.0145444   0.00520809
0.00142317   0.0140787   0.00603892
0.00129506   0.0135923   0.00688607
0.00117676   0.0130892   0.00773877
0.0010677   0.0125731   0.00858653
0.000967347   0.0120476   0.00941932
0.000875154   0.0115162   0.0102277
0.000790603   0.0109821   0.0110028
0.000713193   0.0104483   0.0117368
0.000642438   0.00991754   0.0124226
0.000577874   0.00939242   0.0130538
0.000519056   0.00887524   0.0136253
0.00046556   0.00836808   0.0141328
0.000416985   0.00787276   0.0145731
0.000372948   0.00739088   0.0149437
0.00033309   0.00692381   0.0152434
0.000297072   0.00647269   0.0154715
0.000264576   0.00603846   0.0156285
0.000235304   0.00562185   0.0157155
0.000208977   0.0052234   0.0157344
0.000185336   0.00484349   0.0156876
0.00016414   0.00448232   0.0155782
0.000145166   0.00413995   0.0154098
0.000128206   0.00381631   0.0151863
0.000113071   0.0035112   0.0149119
9.95847e-05   0.00322433   0.0145913
8.75856e-05   0.00295531   0.014229
7.6926e-05   0.00270365   0.0138299
6.74707e-05   0.00246883   0.0133988
5.90962e-05   0.00225024   0.0129405
5.16901e-05   0.00204726   0.0124596
4.51502e-05   0.0018592   0.0119609
3.93837e-05   0.00168538   0.0114487
3.43069e-05   0.00152507   0.0109271
2.98437e-05   0.00137756   0.0104001
2.59257e-05   0.00124211   0.00987144
2.24916e-05   0.00111802   0.00934447
1.94858e-05   0.00100457   0.00882229
1.68588e-05   0.000901069   0.00830769
1.45662e-05   0.000806838   0.00780318
1.25683e-05   0.000721224   0.00731093
1.08299e-05   0.000643596   0.00683283
9.31928e-06   0.000573351   0.00637047
8.00858e-06   0.000509911   0.00592516
6.87296e-06   0.00045273   0.00549797
5.89045e-06   0.000401291   0.00508968
5.04161e-06   0.000355106   0.00470088
4.3093e-06   0.000313717   0.00433191
3.67843e-06   0.000276697   0.00398295
3.13572e-06   0.000243645   0.00365397
2.6695e-06   0.000214191   0.00334481
2.26957e-06   0.000187993   0.00305517
1.92698e-06   0.000164732   0.00278461
1.63392e-06   0.000144116   0.00253262
1.38358e-06   0.000125879   0.00229858
1.17004e-06   0.000109773   0.00208182
9.88146e-07   9.55758e-05   0.0018816
8.33418e-07   8.30825e-05   0.00169715
7.01984e-07   7.21079e-05   0.00152767
5.90494e-07   6.24843e-05   0.00137234
4.96052e-07   5.40599e-05   0.00123033
4.16163e-07   4.66979e-05   0.00110083
3.48677e-07   4.02754e-05   0.000983005
2.91748e-07   3.46819e-05   0.000876069
2.4379e-07   2.98187e-05   0.000779239
2.03446e-07   2.55976e-05   0.000691764
1.69554e-07   2.19398e-05   0.00061292
1.4112e-07   1.87756e-05   0.000542014
1.17299e-07   1.60427e-05   0.000478389
9.73693e-08   1.36864e-05   0.000421422
8.07183e-08   1.1658e-05   0.000370526
6.68255e-08   9.9148e-06   0.000325153
5.525e-08   8.41911e-06   0.000284789
4.56183e-08   7.13786e-06   0.000248955
3.76149e-08   6.04208e-06   0.00021721
3.09737e-08   5.10644e-06   0.000189145
2.54702e-08   4.30881e-06   0.000164383
2.09158e-08   3.62991e-06   0.000142581
1.71518e-08   3.053e-06   0.000123423
1.40454e-08   2.56353e-06   0.000106621
1.14851e-08   2.1489e-06   9.19161e-05
9.37775e-09   1.79823e-06   7.90708e-05
7.6456e-09   1.50212e-06   6.78721e-05
6.22377e-09   1.25247e-06   5.81279e-05
5.05823e-09   1.04233e-06   4.96659e-05
4.10409e-09   8.65718e-07   4.23316e-05
3.32407e-09   7.17519e-07   3.59869e-05
2.68725e-09   5.9336e-07   3.05091e-05
2.16806e-09   4.89505e-07   2.57888e-05
1.74536e-09   4.02773e-07   2.17294e-05
1.40168e-09   3.30458e-07   1.82453e-05
1.12264e-09   2.70261e-07   1.52609e-05
8.96415e-10   2.20236e-07   1.27099e-05
7.13269e-10   1.78736e-07   1.05341e-05
5.65223e-10   1.44369e-07   8.68255e-06
4.45739e-10   1.15964e-07   7.11065e-06
3.49472e-10   9.25345e-08   5.77971e-06
2.72056e-10   7.32538e-08   4.6561e-06
2.09932e-10   5.74291e-08   3.71073e-06
1.60208e-10   4.44821e-08   2.91853e-06
1.20537e-10   3.39313e-08   2.25796e-06
8.90224e-11   2.53777e-08   1.71065e-06
6.41351e-11   1.8492e-08   1.26099e-06
4.46526e-11   1.30045e-08   8.95864e-07
2.96042e-11   8.69667e-09   6.04355e-07
1.82296e-11   5.3938e-09   3.77547e-07
9.94636e-12   2.95961e-09   2.08341e-07
4.32408e-12   1.29191e-09   9.13161e-08
1.06661e-12   3.19459e-10   2.2636e-08
